A
1 2 3 4 5 6 7 8 9 10 1 2 3 4 5 6 7 8 9 10 1 2 3 4 5 6 7 8 9 10 1 2 3 4 5 6 7 8 9 10 1 2 3 4 5 6 7 8 9 10 1 2 3 4 5 6 7 8 9 10 1
1 2 3 4 5 6 7 8 9 10 1 2 3 4 5 6 7 8 9 10 1 2 3 4 5 6 7 8 9 10 1 2 3 4 5 6 7 8 9 10 1 2 3 4 5 6 7 8 9 10 1 2 3 4 5 6 7 8 9 10 1

A
1 2 3 4 5 6 7 8 9 10 1 2 3 4 5 6 7 8 9 10
1 2 3 4 5 6 7 8 9 10 1 2 3 4 5 6 7 8 9 10 1 2 3 4 5 6 7 8 9 10 1 2 3 4 5 6 7 8 9 10 1 2 3 4 5 6 7 8 9 10 1 2 3 4 5 6 7 8 9 10 1

A
1 2 3 4 5 6 7 8 9 10 1 2 3 4 5 6 7 8 9 10 1 2 3 4 5 6 7 8 9 10 1 2 3 4 5 6 7 8 9 10 1 2 3 4 5 6 7 8 9 10 1 2 3 4 5 6 7 8 9 10 1
1 2 3 4 5 6 7 8 9 10 1 2 3 4 5 6 7 8 9 10

a
1 2 3 4 5 6 7 8 9
1 2 3 4 5 6 7 8 9

a
1 2 3 4 5 6 7 8 9 1 3 2 1
1 2 3 4 5 6 7 8 9

a
-1 -2 -3 1 2 9 12 2
-2 12 21 2 21 2 2 1

a
1 2 3 4


D
1 2 3 4 5 6 7 8 9 10 1 2 3 4 5 6 7 8 9 10 1 2 3 4 5 6 7 8 9 10 1 2 3 4 5 6 7 8 9 10 1 2 3 4 5 6 7 8 9 10 1 2 3 4 5 6 7 8 9 10 1
1 2 3 4 5 6 7 8 9 10 1 2 3 4 5 6 7 8 9 10 1 2 3 4 5 6 7 8 9 10 1 2 3 4 5 6 7 8 9 10 1 2 3 4 5 6 7 8 9 10 1 2 3 4 5 6 7 8 9 10 1

D
1 2 3 4 5 6 7 8 9 10 1 2 3 4 5 6 7 8 9 10
1 2 3 4 5 6 7 8 9 10 1 2 3 4 5 6 7 8 9 10 1 2 3 4 5 6 7 8 9 10 1 2 3 4 5 6 7 8 9 10 1 2 3 4 5 6 7 8 9 10 1 2 3 4 5 6 7 8 9 10 1

D
1 2 3 4 5 6 7 8 9
1 2 3 4 5 6 7 8 9

d
1 2 3 4 5 6 7 8 9
1 2 3 4 5 6 7 8 9

D
1 2 3 4 5 6 7 8 9 1 3 2 1
1 2 3 4 5 6 7 8 9

d
-1 -2 -3 1 2 9 12 2
-2 12 21 2 21 2 2 1

d
1 2 3


e
1 2 3 4 5
1 2 3

e
1 2 3 4


e
1 2 3 4 5
1 2 3 4 5

E
1 2 3
1 2 3

e
1 2 3 4 5
1 2 3 4 7

M
5
1 2 3 4 5 6 7 0 -2 -13 -2 1

M
-1
1 2 3 4 5

M
10


M
0
1 2 3 4 1 10 11 2 -100 0

S
1 2 3 4 5 6 7 8 9 10 1 2 3 4 5 6 7 8 9 10 1 2 3 4 5 6 7 8 9 10 1 2 3 4 5 6 7 8 9 10 1 2 3 4 5 6 7 8 9 10 1 2 3 4 5 6 7 8 9 10 1
1 2 3 4 5 6 7 8 9 10 1 2 3 4 5 6 7 8 9 10 1 2 3 4 5 6 7 8 9 10 1 2 3 4 5 6 7 8 9 10 1 2 3 4 5 6 7 8 9 10 1 2 3 4 5 6 7 8 9 10 1

S
1 2 3 4 5 6 7 8 9 10 1 2 3 4 5 6 7 8 9 10
1 2 3 4 5 6 7 8 9 10 1 2 3 4 5 6 7 8 9 10 1 2 3 4 5 6 7 8 9 10 1 2 3 4 5 6 7 8 9 10 1 2 3 4 5 6 7 8 9 10 1 2 3 4 5 6 7 8 9 10 1

S
1 2 3 4 5 6 7 8 9 10 1 2 3 4 5 6 7 8 9 10 1 2 3 4 5 6 7 8 9 10 1 2 3 4 5 6 7 8 9 10 1 2 3 4 5 6 7 8 9 10 1 2 3 4 5 6 7 8 9 10 1
1 2 3 4 5 6 7 8 9 10 1 2 3 4 5 6 7 8 9 10

s
1 2 3 4 5 6 7 8 9
1 2 3 4 5 6 7 8 9

s
1 2 3 4 5 6 7 8 9 1 3 2 1
1 2 3 4 5 6 7 8 9

s
-1 -2 -3 1 2 9 12 2
-2 12 21 2 21 2 2 1

s
1 2 3 4


q



